1023 [['week_no', 'sales_value'], [0, 3507.0], [1, 8305.0], [2, 12119.0], [3, 14455.0]]
1453 [['week_no', 'sales_value'], [0, 2155.0], [1, 5853.0], [2, 6252.0], [3, 7381.0]]
1653 [['week_no', 'sales_value'], [0, 2636.0], [1, 5041.0], [2, 5401.0], [3, 6352.0]]
328 [['week_no', 'sales_value'], [0, 3163.0], [1, 4688.0], [2, 4729.0], [3, 4786.0]]
2351 [['week_no', 'sales_value'], [0, 2090.0], [1, 4450.0], [2, 4943.0], [3, 5338.0]]
900 [['week_no', 'sales_value'], [0, 2067.0], [1, 4660.0], [2, 4758.0], [3, 5064.0]]
371 [['week_no', 'sales_value'], [0, 2092.0], [1, 3781.0], [2, 4428.0], [3, 5650.0]]
1995 [['week_no', 'sales_value'], [0, 1566.0], [1, 3273.0], [2, 4136.0], [3, 6550.0]]
113 [['week_no', 'sales_value'], [0, 2230.0], [1, 4290.0], [2, 4298.0], [3, 4660.0]]
1142 [['week_no', 'sales_value'], [0, 2472.0], [1, 3430.0], [2, 4443.0], [3, 5001.0]]
****************************************
1803 [['week_no', 'sales_value'], [0, 4072.0], [1, 4031.0], [2, 3768.0], [3, 2590.0]]
2448 [['week_no', 'sales_value'], [0, 3008.0], [1, 2288.0], [2, 2088.0], [3, 2053.0]]
2185 [['week_no', 'sales_value'], [0, 3262.0], [1, 2110.0], [2, 1742.0], [3, 1484.0]]
472 [['week_no', 'sales_value'], [0, 2596.0], [1, 2588.0], [2, 2483.0], [3, 763.0]]
2260 [['week_no', 'sales_value'], [0, 2541.0], [1, 2259.0], [2, 1491.0], [3, 1281.0]]
99 [['week_no', 'sales_value'], [0, 1944.0], [1, 1785.0], [2, 1707.0], [3, 1606.0]]
1206 [['week_no', 'sales_value'], [0, 1745.0], [1, 1693.0], [2, 1582.0], [3, 1268.0]]
437 [['week_no', 'sales_value'], [0, 1823.0], [1, 1743.0], [2, 1275.0], [3, 1118.0]]
1828 [['week_no', 'sales_value'], [0, 3359.0], [1, 2047.0], [2, 306.0], [3, 129.0]]
81 [['week_no', 'sales_value'], [0, 2429.0], [1, 2075.0], [2, 750.0], [3, 337.0]]
