1
27
39
40
72
77
113
118
167
195
213
214
237
252
268
301
309
314
324
352
354
355
373
376
416
428
436
438
440
510
522
535
538
543
545
577
614
617
651
681
688
689
703
725
728
774
785
831
840
842
871
872
911
931
956
962
973
981
982
1020
1031
1039
1040
1060
1078
1085
1111
1123
1126
1137
1142
1226
1235
1247
1276
1290
1315
1339
1344
1368
1370
1412
1433
1453
1454
1462
1466
1475
1476
1477
1484
1489
1533
1579
1596
1603
1606
1634
1694
1696
1710
1713
1720
1738
1771
1791
1829
1845
1902
1929
1937
1946
1948
1963
1997
2007
2042
2067
2089
2091
2115
2123
2136
2147
2162
2163
2164
2193
2200
2251
2296
2312
2322
2346
2353
2361
2364
2380
2435
2443
2447
